Deze gegevens mogen vrij worden gebruikt mits de volgende bronvermelding wordt gegeven:
KONINKLIJK NEDERLANDS METEOROLOGISCH INSTITUUT (KNMI)

These data can be used freely provided that the following source is acknowledged:
ROYAL NETHERLANDS METEOROLOGICAL INSTITUTE

MAAND- en JAARGEMIDDELDE TEMPERATUREN (0.1 graden Celsius)
MONTHLY AND YEARLY MEAN TEMPERATURES (0.1 degrees Celsius)

STN = stationsnummer / WMO-number = 06... (235=De Kooy,240=Schiphol,260=De Bilt,270=Leeuwarden,280=Eelde,
      290=Twenthe,310=Vlissingen,344=Rotterdam,370=Eindhoven,380=Maastricht)


STN,YYYY,   JAN,   FEB,   MAR,   APR,   MAY,   JUN,   JUL,   AUG,   SEP,   OCT,   NOV,   DEC,  YEAR

260,1901,    -3,    -9,    35,    90,   120,   144,   181,   162,   143,   101,    52,    30,    87
260,1902,    47,    -3,    53,    85,    92,   153,   152,   146,   129,    85,    37,     8,    82
260,1903,    30,    57,    72,    56,   126,   140,   153,   150,   140,   109,    56,     9,    92
260,1904,     8,    30,    38,    96,   118,   141,   175,   156,   122,    91,    55,    40,    89
260,1905,    13,    36,    60,    66,   117,   164,   174,   157,   127,    65,    38,    24,    87
260,1906,    36,    24,    40,    76,   123,   140,   165,   164,   131,   114,    77,     2,    91
260,1907,    17,     8,    48,    75,   123,   135,   138,   150,   135,   110,    58,    31,    86
260,1908,   -11,    37,    36,    61,   129,   159,   163,   150,   134,    97,    45,    11,    84
260,1909,     9,     7,    29,    85,   112,   130,   146,   158,   130,   108,    46,    32,    83
260,1910,    36,    41,    52,    78,   124,   159,   150,   158,   132,   102,    35,    56,    94
260,1911,    12,    36,    52,    71,   137,   144,   180,   187,   141,    95,    58,    51,    97
260,1912,    20,    41,    75,    87,   116,   148,   178,   140,   107,    79,    55,    54,    92
260,1913,    24,    35,    71,    86,   125,   140,   146,   150,   136,   107,    81,    42,    95
260,1914,     1,    57,    60,   100,   114,   140,   173,   169,   134,    99,    51,    49,    96
260,1915,    32,    32,    41,    75,   122,   153,   153,   153,   128,    76,    29,    52,    87
260,1916,    60,    28,    44,    87,   128,   121,   151,   160,   131,   100,    57,    26,    91
260,1917,    -6,   -15,    19,    46,   143,   177,   163,   159,   143,    81,    71,     1,    82
260,1918,    29,    42,    46,    82,   136,   133,   158,   156,   129,    93,    43,    57,    92
260,1919,    20,     3,    42,    63,   135,   141,   138,   156,   140,    70,    19,    37,    80
260,1920,    42,    54,    74,    92,   126,   153,   158,   140,   130,    79,    33,    21,    92
260,1921,    63,    31,    67,    87,   131,   144,   175,   164,   137,   123,    13,    32,    97
260,1922,     4,    17,    42,    60,   131,   148,   149,   146,   124,    64,    49,    46,    82
260,1923,    40,    31,    66,    78,   102,   116,   183,   155,   128,   105,    30,     5,    87
260,1924,     1,     4,    34,    66,   130,   146,   160,   142,   137,   104,    49,    38,    84
260,1925,    39,    48,    36,    81,   135,   148,   178,   159,   117,    97,    28,    14,    90
260,1926,    23,    64,    59,    99,   105,   136,   172,   161,   149,    78,    66,    29,    95
260,1927,    39,    29,    66,    78,   112,   130,   166,   164,   137,   103,    41,   -12,    88
260,1928,    36,    49,    45,    83,   107,   137,   167,   157,   125,    97,    75,    24,    92
260,1929,   -12,   -55,    36,    54,   124,   136,   167,   158,   155,   101,    60,    50,    81
260,1930,    48,    16,    49,    88,   116,   172,   158,   162,   138,   101,    71,    23,    95
260,1931,    26,    13,    24,    72,   133,   149,   162,   154,   114,    87,    66,    33,    86
260,1932,    41,    16,    32,    73,   120,   146,   170,   183,   144,    92,    54,    35,    92
260,1933,     1,    29,    68,    84,   119,   151,   175,   169,   145,    97,    41,   -20,    88
260,1934,    23,    34,    48,   102,   119,   155,   172,   158,   155,   110,    54,    70,   100
260,1935,    30,    44,    50,    78,   108,   160,   171,   166,   139,    95,    70,    27,    95
260,1936,    48,    22,    66,    62,   127,   160,   160,   164,   138,    87,    51,    33,    93
260,1937,    27,    48,    34,    87,   139,   153,   162,   169,   132,   107,    46,    17,    93
260,1938,    41,    34,    78,    69,   109,   150,   158,   173,   145,    93,    84,     3,    95
260,1939,    43,    35,    45,    91,   118,   158,   165,   170,   146,    76,    71,    10,    94
260,1940,   -55,   -13,    52,    89,   130,   161,   155,   149,   127,    87,    66,     8,    80
260,1941,   -25,    16,    48,    67,    96,   163,   186,   148,   141,    95,    42,    46,    85
260,1942,   -51,   -43,    27,    92,   120,   141,   157,   173,   144,   115,    56,    42,    81
260,1943,    27,    45,    64,   104,   132,   141,   167,   164,   131,   103,    47,    14,    95
260,1944,    52,    19,    36,    94,   113,   138,   164,   185,   130,    95,    62,    25,    93
260,1945,   -15,    61,    74,   101,   133,   155,   173,   160,   142,   113,    49,    32,    98
260,1946,     3,    47,    42,   102,   126,   137,   169,   154,   142,    91,    64,    -3,    90
260,1947,   -14,   -56,    32,    89,   147,   170,   182,   189,   162,    92,    69,    41,    92
260,1948,    51,    31,    67,    99,   125,   149,   162,   160,   141,    96,    48,    34,    97
260,1949,    37,    38,    41,   103,   112,   141,   169,   166,   165,   111,    52,    44,    98
260,1950,    11,    56,    65,    76,   126,   167,   168,   166,   132,    91,    59,   -12,    92
260,1951,    40,    39,    40,    71,   119,   150,   165,   160,   152,    87,    84,    43,    96
260,1952,    25,    24,    49,   103,   132,   148,   171,   167,   115,    82,    30,    15,    88
260,1953,    13,    24,    48,    85,   129,   155,   168,   163,   137,   113,    72,    54,    97
260,1954,     2,    -3,    59,    67,   129,   150,   143,   157,   134,   119,    67,    55,    90
260,1955,     1,     1,    19,    84,   100,   143,   176,   179,   143,    93,    66,    46,    88
260,1956,    22,   -67,    54,    57,   122,   128,   164,   140,   147,    98,    51,    54,    81
260,1957,    37,    51,    84,    85,   103,   163,   176,   156,   129,   108,    64,    30,    99
260,1958,    21,    38,    23,    64,   123,   147,   166,   172,   158,   111,    51,    47,    93
260,1959,    17,     7,    70,    99,   134,   160,   185,   178,   155,   113,    51,    44,   101
260,1960,    28,    31,    56,    91,   130,   162,   154,   158,   136,   108,    76,    31,    97
260,1961,    20,    63,    71,   105,   111,   154,   156,   160,   166,   114,    47,    16,    99
260,1962,    35,    28,    20,    80,   100,   137,   147,   153,   130,   108,    42,    -7,    81
260,1963,   -52,   -32,    46,    90,   110,   156,   163,   152,   138,    97,    83,   -11,    78
260,1964,     6,    35,    27,    87,   143,   153,   168,   160,   141,    79,    64,    24,    91
260,1965,    28,    21,    43,    77,   119,   147,   149,   153,   128,    99,    27,    45,    86
260,1966,     4,    43,    52,    84,   129,   167,   154,   157,   138,   110,    43,    44,    94
260,1967,    31,    52,    68,    74,   126,   144,   182,   165,   142,   118,    51,    34,    99
260,1968,    21,    15,    62,    93,   110,   154,   163,   171,   144,   117,    49,    -2,    91
260,1969,    44,    -1,    22,    79,   129,   152,   181,   177,   148,   127,    64,   -17,    92
260,1970,     6,    11,    30,    61,   131,   176,   157,   170,   144,   107,    75,    25,    91
260,1971,    23,    38,    27,    81,   137,   139,   172,   171,   133,   105,    57,    54,    95
260,1972,     5,    36,    62,    77,   118,   134,   172,   155,   119,    90,    60,    33,    88
260,1973,    29,    29,    53,    61,   120,   160,   170,   177,   149,    87,    51,    27,    93
260,1974,    52,    46,    56,    91,   116,   148,   154,   164,   127,    70,    65,    73,    97
260,1975,    62,    31,    47,    75,   111,   151,   178,   199,   152,    85,    52,    35,    98
260,1976,    42,    29,    30,    75,   133,   180,   193,   180,   138,   112,    69,    17,   100
260,1977,    30,    49,    71,    67,   119,   146,   170,   161,   134,   115,    68,    50,    98
260,1978,    30,    11,    66,    69,   121,   150,   154,   153,   137,   109,    63,    18,    90
260,1979,   -32,    -9,    47,    78,   115,   149,   159,   156,   139,   109,    56,    54,    85
260,1980,     2,    48,    47,    80,   123,   150,   158,   170,   153,    94,    49,    36,    93
260,1981,    27,    15,    81,    83,   133,   144,   163,   167,   147,    85,    67,    -7,    92
260,1982,    11,    28,    52,    76,   129,   166,   189,   172,   156,   111,    82,    34,   101
260,1983,    62,     9,    57,    85,   106,   164,   201,   181,   142,   104,    61,    38,   101
260,1984,    34,    20,    40,    79,   106,   138,   159,   181,   135,   117,    82,    43,    95
260,1985,   -30,    -6,    41,    85,   132,   137,   174,   159,   144,   103,    26,    57,    85
260,1986,    24,   -36,    42,    62,   133,   164,   172,   156,   116,   114,    79,    51,    90
260,1987,   -27,    21,    23,   107,   102,   138,   168,   162,   148,   108,    68,    44,    89
260,1988,    59,    46,    51,    87,   144,   148,   160,   166,   140,   109,    61,    70,   103
260,1989,    45,    53,    82,    69,   146,   157,   181,   172,   156,   124,    56,    48,   107
260,1990,    57,    76,    85,    89,   139,   150,   169,   185,   131,   120,    62,    42,   109
260,1991,    32,    -8,    88,    85,   100,   127,   190,   180,   150,   102,    53,    39,    95
260,1992,    27,    49,    69,    87,   156,   172,   183,   178,   146,    80,    80,    37,   105
260,1993,    51,    24,    58,   111,   143,   159,   161,   152,   131,    90,    22,    51,    96
260,1994,    52,    15,    73,    82,   124,   150,   214,   176,   136,    94,   102,    53,   106
260,1995,    38,    67,    55,    92,   128,   147,   201,   197,   142,   127,    68,    -9,   104
260,1996,    -1,     6,    32,    94,   107,   157,   163,   173,   125,   108,    59,     6,    86
260,1997,   -12,    62,    80,    78,   128,   160,   174,   205,   143,    97,    67,    50,   103
260,1998,    47,    64,    76,    94,   149,   158,   163,   165,   150,    99,    37,    46,   104
260,1999,    52,    31,    73,    98,   142,   150,   191,   175,   174,   106,    67,    48,   109
260,2000,    43,    59,    68,   100,   147,   160,   155,   174,   158,   113,    78,    51,   109
260,2001,    26,    45,    49,    83,   141,   152,   185,   185,   134,   142,    71,    29,   104
260,2002,    44,    71,    72,    93,   134,   165,   176,   186,   146,    95,    79,    29,   108
260,2003,    25,    18,    73,    99,   132,   178,   188,   193,   139,    75,    80,    40,   103
260,2004,    36,    48,    59,   104,   123,   155,   167,   188,   152,   113,    63,    32,   103
260,2005,    53,    24,    65,   104,   126,   168,   177,   162,   157,   133,    69,    40,   107
260,2006,    15,    29,    39,    90,   145,   167,   223,   164,   179,   136,    92,    65,   112
260,2007,    71,    60,    80,   131,   141,   175,   170,   171,   138,   101,    69,    38,   112
260,2008,    65,    51,    59,    89,   157,   165,   181,   174,   136,   101,    69,    24,   106
260,2009,     8,    33,    63,   122,   139,   156,   181,   185,   150,   107,    95,    22,   105
260,2010,    -5,    16,    64,    97,   105,   164,   199,   168,   136,   104,    58,   -11,    91
260,2011,    35,    46,    60,   131,   140,   161,   159,   169,   156,   114,    72,    65,   109
260,2012,    49,     8,    83,    84,   145,   149,   173,   185,   142,   105,    68,    50,   103
260,2013,    20,    17,    25,    81,   115,   153,   192,   181,   144,   122,    67,    59,    98
260,2014,    57,    65,    84,   121,   132,   162,   198,   161,   159,   134,    82,    48,   117
260,2015,    40,    35,    62,    90,   124,   156,   184,   185,   134,    99,    99,    96,   109
260,2016,    48,    46,    54,    87,   145,   168,   184,   179,   173,    99,    54,    47,   107
260,2017,    16,    51,    86,    86,   150,   180,   179,   172,   137,   133,    73,    49,   109
260,2018,    56,     7,    47,   122,   164,   175,   207,   185,   147,   119,    68,    61,   113
260,2019,    35,    61,    80,   109,   117,   181,   188,   184,   145,   116,    64,    58,   112
260,2020,    62,    72,    68,   111,   131,   175,   170,   204,   152,   113,    89,    55,   117
260,2021,    34,    43,    64,    67,   112,   182,   180,   169,   159,   116,    74,    54,   105
260,2022,    53,    68,    73,    93,   140,   171,   186,   200,   146,   131,    86,    39,   116
260,2023,    58,    57,    70,    87,   135,   194,   181,   176,   175,   132,    78,      ,      